0.927975084764979 0.927504142295142 2.947574490014204 0.861327057918102
-2.118073587958751 0.344835431825581 0.175083869601121 -0.550076457305049
-0.857314982642268 -0.116404106976531 0.561066520051856 -1.841627128344632
2.402850385718215 -1.675293606019339 -0.150357212819020 -0.024017329321932
0.862718643628172 1.328893362545194 3.230446349675264 0.950144897122658
0.058853833877026 0.658318829240805 0.644499154657452 -0.909678392084762
-1.515760531008066 -2.201556099240212 0.057818773401283 1.640497536818397
2.361228677808823 -1.321945594182364 0.412671601311481 -0.186490358650968
0.192615650276630 1.221718879926718 -1.783076662783309 0.542348805749274
-0.315092668692600 0.949621146323926 -0.723053379110765 -0.364876734873004
-0.168122397068583 0.190775402693164 -0.354687355932038 -0.799456824017101
0.105537941262996 -0.295566790747122 -0.364634376037719 -0.509353914061412
0.350218797222071 1.175382558869793 -1.001916664901548 -0.436747611138073
-0.749323503602355 0.729816541547278 0.290656238768836 1.012889249120339
0.180909999249920 -0.699676202635674 0.728540189703580 1.328727269645601
-0.521262254147407 0.482370640020027 -0.383475981616066 -1.162301066053058
-0.959037380830970 0.225873960649031 -0.034932037306273 -1.155494953547885
0.932767377377103 0.796648888721654 2.692252376107863 0.891802656389837
-1.488085672442631 -1.658591812434107 -0.135305843856082 1.296676331009702
-0.201072373831046 0.614465464937474 2.155034787118411 0.895242684911583
0.108627718936277 0.352953289205533 -0.524198022220004 0.688637626126470
-0.962167712792682 -1.917898695393501 0.295347627649656 0.912388976606536
-0.160518850575420 1.384256051425551 0.735908867619750 -0.817959033496210
-0.016340703451107 0.011896485408697 0.993022655404055 -0.790557759579539
-0.090496897960358 1.229862672953250 -1.460564734097018 0.512986394077215
-0.255881112057754 0.383683979151853 0.603530254024877 -1.290701738117178
-1.741837681030915 -2.127218433633085 0.057185022942396 1.426092132985729
0.811293510372056 0.382426100292659 1.689559385560040 -0.159820492667659
-1.510118893864653 -1.043307500762273 -1.411365254924186 -1.481010867397993
1.304071729796694 -0.413568643000163 -0.848069038987161 1.080433566148829
-0.079930592885980 1.079613658242017 -0.900591823792144 1.056068037028100
-0.190330078448384 0.239800640050063 0.551927429563439 -0.945151676852810
-0.614485085621199 0.692382249772823 -1.492804233247502 0.693653798557362
-0.175976921044866 -0.112353569231037 -0.071113873182300 -1.764781874387721
-0.153090529215288 0.749463556645759 -0.215570543909771 0.785365923441078
-1.166402935206862 -1.756578210844586 0.458023601891972 1.188487434000801
-0.022564638962367 1.143698352505043 -0.325196289416804 0.168559164552305
0.839196391163008 1.302825749291568 2.891448731632631 0.983964878463315
-0.940181932236371 0.397775426189989 0.375405438843862 -1.837216979629955
-0.326088237084142 -1.735034079479995 -0.130757559917592 1.409418443340025
-0.622375572834392 0.639283590276389 -0.696780947184151 0.503859869809827
1.056622469770771 1.064767026200484 -0.458453158486316 0.110832592475479
-0.834697932501892 -1.399960019098961 0.344893829654188 0.978328214906539
-0.110900296092611 0.285670119468523 -0.628283562102573 1.345049722734295
0.777777303922067 0.700235410995019 -1.716855872898561 0.644138285213749
-0.947794660832576 0.189087297225974 -0.847239848064178 -1.232350656189558
0.666625651085558 1.425573062055856 -1.152254539887492 -1.562046043944591
0.252050638085472 1.171280912644272 1.881444305145569 0.291020964946523
0.584092317901943 0.935964502772594 -0.657259450825421 0.349884032427495
-0.965989763183480 -1.215178453777841 -0.041020130424228 1.263971143958685
-0.457573657104843 0.962202986168403 -0.080631578460993 1.046919811646206
-0.660970247441282 1.250691285597451 -0.400178372742220 -0.266845566943034
1.186690785222152 1.140100925761588 0.874355130769389 1.058954285257443
1.105165187847282 -0.651626603278114 -0.182887010566801 -0.023869440245296
0.605911290253010 1.875594670898414 -1.226249607982099 -1.287981865099050
1.559423719839865 -0.874321507022308 -0.344016633689433 -0.003601403041357
-0.274924028589439 0.037359187846471 1.024499200776292 0.648980848728590
-0.605168311735644 -0.677016838468087 0.619028928150410 -0.510650354716921
-0.526968166012106 -0.000687642875184 0.579800183616560 0.235341531338128
1.884684416560592 -1.294263868335618 -0.258413710415596 -0.079447601985995
1.959429796014971 -1.681759972962569 -0.290707998315430 -0.088304067939526
-0.243603875116745 0.745940885589509 -1.397026139702785 1.186173452198440
0.996080273370241 1.644187678342302 0.245150502593156 -1.043927112635849
-0.883206982867252 -0.548525542799173 0.446394485407025 -2.115819102642266
0.727709591565505 1.259703159971323 1.934685067889782 0.509094660875745
1.306305276361406 0.036130295886398 -0.353298829120179 0.437703620364760
0.428641608944352 0.909333933425526 -0.030567745436492 -0.243803002062210
-0.670166888812051 -0.425405977225130 -0.075344873020083 -1.547479773640947
1.992354521994072 0.046250537745054 0.487438618352139 0.606149278652929
-0.271307045166557 -1.009877977945226 0.346132709583497 0.444564387528690
-0.237474821336909 0.093478587356494 0.237065482222811 -0.885932550344937
0.011576715669661 0.481049447670649 0.462114767757537 0.323455289938701
0.330053368593629 0.221655604013894 1.825777300321978 0.355493368654893
0.387617502907877 1.204038397089608 -1.466015805785975 0.731495719786527
-1.182985813298825 -1.499300410823611 0.533129982081583 1.334198361736144
-0.304175913352159 0.424502872805169 -0.275684432598431 -0.230838595507127
-0.245825178877403 0.679665392003497 2.476858176596467 -0.618438986724926
-1.886627203182704 -2.216112862290543 0.491119277468850 1.565237267965431
-0.318643847043689 0.192577167317431 -0.874582704959416 -0.444936968756780
0.906897567234469 1.065654940689326 3.081314644917525 1.049289251852305
-0.603527775992327 -0.421895511179035 -0.667773984245254 -0.042516323821114
2.839848859519564 -1.703272828988635 -0.600697017934112 -0.310204393726700
0.544675079897635 0.107299998544931 -0.074146880217154 -0.555964693041102
0.394073286520921 0.439984928187945 1.299436504692085 0.231204655917234
-0.639003596266306 0.177957853590051 0.220938781836085 -1.529127060728438
0.432146876780237 0.979614195968947 2.093587978109769 -0.014709158688676
0.476618862508590 1.394821013341763 -0.196279997683774 0.273193901252056
0.815175244432619 0.340034285955499 -0.610603968655941 0.545204511669311
-0.833747584837153 -0.454738430695463 0.749565985573136 -2.070367323926211
0.653933689157200 1.274482664456999 -1.606368226767440 1.133960570696188
-0.357530053422129 0.693335003378119 -0.011771115697163 -0.172772843048016
2.205670079140501 -1.166422489457507 -0.479533743105222 -0.195157944533796
-0.634507426477253 1.344595870923912 -1.089978539955867 -0.607768468347661
-1.161514230512807 -0.721698617835750 0.013344210552902 0.030245101883697
-0.593464191059442 0.972842703771820 -0.761012987241786 0.795403894517733
-0.779066630877765 0.518164883554781 0.612507431492829 -0.517732151750823
1.748897946440457 -1.092258745245101 -0.584151633373255 -0.647475077934408
0.056193319520909 -0.161769366912925 0.251034977821739 -0.870391337378471
0.156191012688419 1.327116770754375 -0.870168530795451 -0.102509456746380
2.517041314661279 -1.405047982707707 -0.491220101567100 -0.211625071719199
0.248389274497891 0.332668562326405 -0.581368037809318 0.256189068673884
2.514907240879511 -1.585222919508104 -0.564763775786475 -0.526455196037389
-1.207928996209576 0.375684357807786 -1.807407773949410 -1.528025126358505
-0.481252005321703 -0.057244897124550 0.593103219055496 -1.338886249771068
2.592271050051068 -1.610050198604636 -0.510857370624798 -0.551160709285384
2.560227040788646 -1.178457392284372 -0.465909334852939 -0.225132809881923
-0.338836821981253 0.148666592028994 1.520410979211798 -0.226469437786517
-0.789965022012124 -0.523288633049283 0.581914048050396 -2.590215914435606
-0.004868430876688 0.580168623586224 0.162892963999716 -0.215175213303440
-0.476703803615417 0.554709735214124 -0.099799463307851 -0.350338595643720
0.287022207867452 -0.054062440726396 0.415875516534603 -0.856062171844433
-1.247789270685611 -1.817549864704719 0.506739795230995 1.263299213153970
-1.650253854949933 2.851801728835236 1.647554405145000 1.004924940096512
-1.687087861298719 -1.976133375726171 0.397916255143533 2.021447742057477
-1.045025480283744 -0.608931189313325 0.588338233347193 -1.147594944122596
0.316311586217588 0.549750687025149 1.823954552227966 0.475110715558817
-0.570176082221822 -0.031181860749733 -0.300203624545878 0.184410623081713
0.543312302771306 0.785382138721477 1.080538278449939 0.605742583692181
-1.470086454956601 -2.013511982141790 0.116283275411781 1.870461836007130
-0.850621229525413 -0.277998441440820 0.920460272217796 -2.615532273869706
0.842059676961279 1.103244083530134 -1.608577767077005 1.030409282231790
-0.040476626469508 -0.125542608330770 0.694867187902219 0.874346922876923
0.192205516340801 1.284089533075973 -1.427672676409512 0.613276889150789
-0.351216592406219 -0.525464176109575 0.549725248936623 -1.746432376455139
-0.908057579572340 -1.062994182143760 0.037759549199346 0.465203754914182
0.194175077443085 0.612611829020045 0.908429644151799 0.187466461502198
0.710191669313871 0.879330204396618 -1.080415858838156 1.406137556324659
-0.799721771668391 -0.062833266149689 0.264249697067696 -1.605302795115579
-0.260792006834158 0.116774900491593 -0.296611281622148 0.807200459614383
-0.001898785718193 -0.565273105172490 -0.172184396365621 -1.190139577239783
-1.442044312269527 -1.135247842266766 -0.317758103385788 -0.715609343779478
0.665239153526374 -0.979847550456602 -0.112068054449378 0.711709929571618
-0.097090413119016 -0.368802191374544 0.365336575101569 1.375780912110217
0.120899599650512 1.383353643487148 0.253516826392994 -0.018518909902011
0.598035341369632 0.089649265420076 2.550595655794881 0.573897403771601
-0.152118756643454 -0.257804489324727 0.273304560075769 -1.623390272184122
0.376910405586871 1.138713368669487 -0.666023197493670 0.671975188910510
2.112984400694605 -1.379298462531269 -0.109018692563971 -0.073963649975745
0.366550697830915 1.474738657029548 -1.009962433630568 0.441690999219055
-0.935163912924490 -1.036318606821743 -0.164624366697993 0.501299942043060
-1.766480915242328 -0.150784857772603 -1.000113542628198 0.223670350458626
0.817144805534904 0.344847636835737 2.109331157251054 0.358619132888788
-1.203350952668407 -1.956104191247183 0.382454379431742 0.928200247886859
-0.076129202227025 -0.149330173124645 -0.701221289108999 0.532147674441331
0.247868955325571 0.218197009260962 1.272027410652112 0.439827918351436
-0.441050462682646 0.474621984197292 -1.258228247266280 -0.482090080536615
-0.032879966553625 1.207677015742339 -0.036987842020650 0.502588345248751
0.376527052784911 -0.402020414953266 -0.175098012991446 1.505251368745001
0.988820290565860 0.438413533130371 1.876646609736162 0.512012255159375
-0.650257793893502 -1.028701917671318 0.439978477535505 0.227601467164200
-1.152277034853608 -0.715521357070588 -0.005575898308093 -0.519307491914987
0.155489346981039 1.002365860525839 0.046087439100386 -0.459262115565909
-1.052809608136713 -0.733297954362676 -0.096991335468085 0.115780446582924
0.045769337043666 1.523650998042504 -1.566111579876401 -1.009461724074874
0.397703277923111 0.927983951756896 -0.108993342545616 -0.976181859361930
-0.482180928079346 1.367337618910051 -1.714566193821291 0.498552741695554
0.448086242484079 -0.684660226078227 0.025421449942972 0.015370193507074
0.776142124405524 1.022237905499070 2.925324533580835 1.082068383441640
0.179371996990561 0.497592576123855 -0.543177826285515 -0.308831597297928
-0.583465646023096 0.649549529443781 -0.849361889923291 1.586975354740930
-0.527239803227068 0.591896112719787 -0.548751559353611 0.948757633284216
-1.617511240681144 -1.048605237983073 -0.581763825192674 0.535254148795664
-1.042128526774323 -1.133220284954614 -0.412963777161189 -2.795617766983090
-0.445334678926505 -0.426430435265092 -0.253929210394258 -0.949094045988128
2.146173877311387 -1.100854123647403 -0.639665720344186 0.135247953785074
-0.558009795692558 1.051462039504269 -0.618175446718955 0.354655866383945
2.194321764957136 -1.386356772467061 0.109004549173646 -0.697298425606018
-0.214213493633158 -0.515447676837244 -0.500975769921324 0.755984221889458
-0.378756014951801 -1.107778178471479 -2.003944013031908 -0.527210716320203
0.253072147048778 0.430820491187124 -0.032338158008738 0.654173845055458
-0.591982811768834 -0.580805506222158 0.064094129558057 0.501985536512464
-1.353785172664624 -1.856783632664036 0.236149610591904 1.003212159540475
2.152886759809577 -0.800260742583093 0.033548992924752 -0.559884557316933
-0.374647023840974 0.007121275185196 0.265402714031606 -0.133708425701660
-0.518333163277342 -0.277348524650017 0.540793865050216 -1.890408018774956
0.827007914551395 -0.432973083521796 -0.386256306209893 0.156340633340254
-1.713296644078616 -0.378601288903472 -0.256590144579057 0.295567750308091
0.841827828859495 1.358488223733880 -0.371822332855291 -0.551404244014844
-0.771747729578872 0.457309177291129 -0.285634723674222 -1.857256753259087
0.999775304668972 0.636204876464560 2.301260234933074 1.236358485111822
1.761664130368397 -1.026712501015904 -0.659630904155450 -0.163819927696679
-0.222305987113253 -0.581627818781413 -0.059116772559934 0.712704162114001
-0.574591908609268 -0.590808274858064 -0.121285648220444 -0.785032012830240
-0.156587380123385 1.519647754711364 -0.772570960126832 0.469392873758888
-0.798287833243496 -1.129032440844867 0.408412798227759 0.774111886207087
0.823367975870910 -0.119605633703054 -0.667281703243641 -0.042811298229404
-0.360178324974191 0.677135903648684 -0.537907475695157 0.193760588454018
0.226133387077126 -0.043016906535295 -0.762531535115532 0.727760716856492
0.445506836704825 -0.776856872795995 -1.326750164623685 0.022952723664585
-0.032825639110633 0.866558424081590 -0.569011130474810 -0.173346716964962
-0.922133743534123 -0.433932702445305 -0.154914491925314 1.361942031015026
-0.300545921949968 -0.601101675298307 0.396329834639996 -0.736083139698737
0.292435822785348 1.017217832259316 -1.455655007961330 0.921660174970633
2.080134661890339 -1.084435333735160 -0.328202310948248 -0.110874030771101
2.412621673704296 -1.288192638596186 -0.730270774659330 -0.228021469346211
0.338406786835137 0.795309388857043 -0.818527272435217 0.086440539770353
-0.435796769392714 -0.939017214606265 1.131764941348683 -0.320024549913309
-0.347261401521329 -0.010230435190838 -0.724885122372580 -0.186135103369049
-0.164056255771947 1.639666484892671 0.068446973032452 -0.017777857028869
-0.722704586886629 -0.312907821739270 0.517034355910905 -2.350712769803865
-0.097111838026112 1.116977771208076 -0.313885274775092 0.310903204559238
-0.687667977208109 -0.310221193878700 0.411926637868841 -2.394405150754943
0.419170269657608 0.619868470370870 2.012382056406818 0.553471028806263
-1.020299607144962 -1.972288797527059 0.375803679454801 1.306482019786640
-0.275460416442082 -0.155903333906739 0.507909984787985 -0.725302508258976
-0.174585832434161 1.158831802285240 -0.883952398840615 1.041475243140060
-0.607642888505181 -0.097573301932226 -0.547855313543366 2.034906451776316
-0.149236341463848 0.413608375614747 -0.866919639733311 0.208449027994883
-0.056180318195299 0.387176137682713 -0.550800822127768 0.931437732673212
-0.336237521645410 -0.456199980661633 0.520194930780065 -2.515768231759155
2.196948611602102 -1.301329806402757 -0.466628130534697 -0.224330672390170
2.776769341978717 -1.525107904798289 -0.430195247702698 -0.316918075558976
-0.148927975836722 0.886683723015556 -0.999276992022467 -0.240125065025876
-1.073149496722933 -0.409215268440176 0.566998424347040 -2.305002988948679
-0.336363775562223 -1.323048621975205 0.790020526155853 -0.250262700480264
-0.773194675983075 -0.252497598346309 0.612230216775974 -1.473446823375061
-0.887156817525369 -0.132030334041773 0.588953993470473 -2.783641966755517
-0.468899016030606 0.947905579583885 -0.664990388681316 -0.349384550350423
1.589768274864457 -0.957693931397350 -0.564029442996693 0.582182407043132
-0.152900765752442 -0.425817133504757 0.665667237726810 -0.956646033836334
0.718779231182924 2.130899073339804 -3.037680963154869 2.458697872030835
-0.279590832460004 0.508663283148403 -1.150306677186757 -0.078131067705944
-1.457617924202238 -2.161177348765643 0.365702106011404 1.602815560840594
-0.842178285779256 0.423659201478142 -1.784337621760863 -0.496646705900478
-0.894165057671377 0.463372016086079 -0.767711934027855 0.427746827531259
-0.251456868742521 0.309490485227192 0.652233363483458 -0.815421610588932
-1.429742589720409 -1.506348804188651 -0.185393391413884 -0.137267408480700
-0.412993016490505 0.735050965277895 -0.769933740475334 0.420400598398372
-0.185760451835002 1.103305871394048 -1.448340301051981 0.742244201427019
-0.630289015305188 0.279775099563217 0.022448138112632 0.405493540222481
