-1.101900787791444 -0.747238386214465 -0.089316386408085 0.050751113114569
-0.941823365619171 0.456668973529524 -0.741995523279408 0.375356154729283
0.755209169884333 0.944169803874485 2.986805162315162 0.886403301023421
0.017118613254573 -0.172253227627412 0.249348497679666 -0.975373342985270
1.533926134901081 -0.889114840990469 -0.329697043830407 -0.073467240630892
-0.628317728386674 0.643972477490703 -0.821449207650883 1.581548383430287
-0.115924207544233 0.754359884691513 -0.186872505137451 -0.304160022156920
-0.571584055859937 0.585970376307889 -0.528924881557240 0.917474615600113
-1.563340474058933 -1.059122852038748 -1.368335455031992 -1.610730836796662
1.083146644011671 0.982885707586734 2.719203612787044 0.903513306269957
2.125975798073965 -1.117017513499869 -0.617393576647452 0.071007305356434
1.858923504443808 -0.998316574119733 -0.927332812228213 -0.408739378238546
0.969222995962005 0.630547116838518 2.244425514960158 1.216727010015613
0.065300658055691 0.565184627293116 -1.052761539347128 -0.637715221460105
-0.675564004606765 0.271961673700409 0.026910329593214 0.352201322368912
0.965494591277371 1.644626139161530 0.243622306742069 -1.155939554568152
0.279586258506731 0.543570057568136 1.779958698702112 0.424638890892980
-0.151484185709526 0.277892346337890 -0.606317582809152 1.329821644137232
-0.378856648741753 -0.468464540336365 0.511268418067366 -2.687409215724978
-0.130896504840656 1.227795320613629 -1.416211535876974 0.464049022729224
0.412551098590451 -0.698306499822331 0.029803663424384 -0.053727049818085
-1.014296789212578 -1.232033270425917 -0.034850729805148 1.245458337560689
-1.822017947723419 -0.161202284824653 -0.968145848220207 0.163011949140934
-0.258792598443817 0.772669915547834 -0.836589873989078 2.277738849607532
-1.768353318191386 -0.390396536274124 -0.244622207043259 0.237822120670252
0.211050474981999 0.325175033002028 -0.560664021598509 0.196848094713522
0.217145324139279 -0.056708713785315 -1.098746926797485 -0.464587124480218
0.809848944398079 1.357198791127603 -0.356754807928669 -0.643463159583153
2.342972965568376 -1.339446132188984 0.406637318289338 -0.263765556962487
-0.302729712833645 0.107975659053051 -0.283566830539216 0.770182551274863
-0.287627705040842 0.674270479008268 2.415300113485004 -0.713213673663840
0.712871046196902 0.544077326539846 -1.046213342400841 0.974291641673680
-0.650216411772526 -0.690616885455412 0.607443916830539 -0.601058212321528
0.255494850063028 1.013864416483885 -1.411433874622204 0.889279360852486
-0.736639118330788 0.617017386170974 -0.512000947585477 0.273546647485651
1.157826690216112 1.137490699677083 0.855902195738067 1.032135652763267
0.508637237129016 0.780626594365821 1.056539300300709 0.560563033945628
-1.522946463644625 -2.035195072812687 0.118221430746391 1.876519722229335
-1.216520085586575 -1.776707381243486 0.450769412424844 1.166916564124629
0.281589050337739 0.918391944933882 0.488911923571567 -0.569045216044480
-0.041498177728536 -0.578197332661428 -0.162486857377217 -1.308075509131826
0.330279127916346 1.474152300177052 -0.977729817599364 0.389865245155117
0.794895177172567 -0.445097168294614 -0.370800527250447 0.092954510385264
-1.500671002150241 -1.495834623659445 -0.076417337617307 0.648865346568956
0.685688976342432 2.134281135926446 -2.950905507312392 2.488586901943715
2.174558555658543 -1.404246865475246 0.111138492233947 -0.795267936568371
0.443192115015051 1.012437770465112 -0.993248463467208 1.283466818837611
-0.516690264957447 1.166493285121658 -0.109760702357047 -0.817251939105918
0.790718190354619 0.162444528245317 -0.670164293464802 0.143071044644215
-0.225123459597776 0.798590515832972 -0.563877245473720 0.197400057344282
0.164034280475724 0.175676497398453 -0.272933271687201 -0.255991246938938
0.810082886543335 1.100410949440909 -1.560243221825674 1.002434209079279
-1.171471166942062 -1.164353152598270 0.522634063587334 0.493124908765018
2.132749311078375 -0.814606161422617 0.037712586677410 -0.652287034912161
-0.227020475607332 1.100473110994175 -1.404315923269118 0.702594727138334
1.127804114908180 -0.931575019003737 -0.322371402672609 -0.494898235979090
-0.140152275260908 0.277938391932901 -0.339260323803730 0.241682513857505
-0.044494644612169 0.574171960012777 0.163577382811584 -0.293612518067311
1.726086058597603 -1.247131621030186 0.089278543478151 0.231081486118853
2.177209127885163 -1.318705661342639 -0.449010460032781 -0.303138891290014
0.215775643064410 0.423920578930764 -0.026402290507697 0.610956385826975
-0.782975104817357 -0.169059965613365 0.405365715576959 -1.744590974133075
-0.205120248048904 1.640077601800978 0.071671859113884 -0.088218023784437
-0.197583913791974 1.519333005428915 -0.746723848258729 0.418689402779003
-0.565552517778272 0.475782500018796 -0.368094989564535 -1.279109179315169
1.719304052644026 -1.108674051683785 -0.365613056610899 0.210081816939495
-0.201550893139593 1.383122461119075 0.721179946668042 -0.920816854776769
0.383373957767853 0.614111909125748 1.963317762154689 0.506173807140387
0.549785575846677 0.932119671659976 -0.634514059974633 0.294338912524967
-0.056070534327788 0.002462945510792 0.971377727158336 -0.892305475976980
-0.357520816259835 0.945858909784823 -0.698538222072623 -0.449378881388755
-0.860763570417188 -1.058407610462902 -0.331455643326250 0.641334401887151
-0.361104068722329 0.184236373511091 -0.845991617447625 -0.532682586975643
-0.263896088807336 -0.594650958612202 -0.052460597154927 0.671857935368164
-0.934751827307603 -0.142334334842109 0.578177956532745 -2.966135290732347
-0.524405723233187 -0.913748466895036 0.507020723900483 -2.130176178148512
1.725111685702178 -1.108370150756710 -0.563372742269935 -0.743426100934788
-0.795673607995692 0.724724939742114 0.287904001196679 0.984204388737915
0.372326947159498 1.033871227516380 1.938293130052752 -0.648428314338941
-0.489960637667731 -0.358160015206576 0.215842800678771 -1.925602101048630
-1.122424385498411 -0.421195667350730 0.556812962024195 -2.468105263146959
2.092486555333023 -1.397145867297890 -0.101020224138792 -0.146680065759072
-0.321698328756630 0.502234159499733 -1.114298994013214 -0.151016317638601
-0.270851814175708 -0.891539908994408 0.637060005534745 -1.055561804936430
-0.846527071353205 -0.072718767170812 0.262207759151533 -1.740058190104715
0.188593573209941 -0.052782559384001 -0.736954469973450 0.687524474704561
-0.667579088216521 0.633644450529625 -0.672972482433504 0.454552756559108
-1.482238214111111 -1.524964601916885 -0.175340548624437 -0.212548442670082
1.075564756663750 -0.665073091622784 -0.172901585975225 -0.094556394660995
-0.007266187978561 -0.345340921555376 -0.648579672955866 1.186551380253382
0.187082600344372 0.726107842445626 2.428776874146362 0.606860154061125
2.745925571349136 -1.698973207745078 -0.548647455541166 -0.310208194498820
-0.710479290721598 -1.586512981342168 0.306656560345567 1.133343855262177
-1.797152136732876 -2.149589214206081 0.060712839993181 1.414147316898042
-0.189855330049338 0.882540844657932 -0.967331799675299 -0.319573160467377
0.392930841840415 0.905328042202538 -0.024679499598873 -0.323400101373978
-1.704741128925075 2.859543768099351 1.608303472980243 0.975917422513372
-1.541108249396675 -1.678128366883374 -0.126600287212719 1.279488506361059
2.576102103963748 -1.629293176240765 -0.492049994391006 -0.643209758557213
-0.954969678844532 0.619311991655713 -0.280106129540383 -0.717199512903538
-0.032139719831984 -0.045713793123153 -1.391963552240170 0.677528933245712
-0.321822634648994 0.490963732694086 -1.113818363200775 0.781611522959654
-0.381479425862006 0.140060229657061 1.484580030349831 -0.305364304260396
-1.258421208435012 0.368450985473582 -1.753724974955455 -1.659649779408268
-0.648561058771106 -0.433952599448665 -0.644745766905652 -0.113958717439216
-0.889367051127820 0.416715978164632 -1.731275378133405 -0.586487235176488
-0.072704361315934 0.862293829104793 -0.548639498077384 -0.250089428324890
-0.768814270209596 -0.324305758900957 0.508192858315586 -2.515666879471105
-0.421759167505694 -1.123983444598524 -1.944974659494358 -0.618289482085427
-0.562596971467901 -0.288531401283359 0.531313269334467 -2.036713851234596
0.301881022158315 0.790613883923814 -0.791443998967733 0.020222561791458
0.358050299608541 0.433140441905233 1.269549465298133 0.170851491111755
0.830928444232389 1.327424941966586 3.148617801084956 0.918918081510251
0.571801616348301 1.877432667539653 -1.188199164411164 -1.409881671147393
-0.818300368751105 0.450569467043668 -0.272885526904509 -2.002219532040178
-0.370349802020837 0.648124255307573 -1.308198513991555 0.043052907029503
1.737993173330764 -1.042427486714163 -0.636821724471440 -0.240176681260655
-0.342842683839130 -0.614242591863010 0.390735122667197 -0.835623931640054
0.118019481884954 1.325637605453557 -0.841696178498049 -0.176382345750075
0.089399015275986 0.613400504682821 -1.089204336229995 -0.439271274789722
-0.897886251229343 -0.289185248732522 0.900767172287904 -2.791214987816524
0.156346617306351 0.606811380036675 0.889060151571684 0.125341335898599
0.675977675012275 0.800493733760114 -0.008648393063461 0.263221601062379
0.810194839055092 0.838852784111024 -1.058619028437130 0.565297367964917
-0.618943828764361 -0.129945767504266 -0.206599853599646 0.167716176107637
-0.027900966110997 0.474453317176130 0.454750531555027 0.266839465214904
0.620257751781651 1.272685171190337 -1.558093115111751 1.110180659831643
-0.602631961758301 1.048315730671486 -0.596481361828103 0.299304067280756
-1.298641499434525 -1.838047788064633 0.498175207160305 1.244759184895060
-0.215744927457736 1.156334859435538 -0.855109279449150 1.013948484079734
-1.010440218204140 -1.939003522553922 0.292469198168467 0.879632559419435
-0.190166480823392 0.406604365500108 -0.838534678137422 0.147173966866195
0.783728493189576 -0.228614570774650 -0.308047172118458 -0.427818886508474
0.779685077299447 0.346801114125760 1.319211201015818 0.421780393511258
-0.825685374095592 0.511793225024120 0.601097839464317 -0.608426913442171
-0.317530606974138 -0.166351717200105 0.499313920227523 -0.824406545630387
-0.526118210619917 1.366101706923076 -1.663380705651803 0.449030621330462
-0.632973408703166 2.467508502465141 1.754836985542034 0.734686336274915
0.351536207596890 1.201814861054976 -1.421515981234120 0.691410793409319
-2.176786192444198 0.337415487009251 0.175440369817933 -0.642081580392221
-0.137549572384142 -0.380538174382163 0.360575539186673 1.361797842905563
1.862124574193755 -1.311596988899448 -0.246396721466666 -0.152386188531304
-1.510365317582062 -2.183753510851443 0.360931237817733 1.598030322107580
-0.137571190800205 1.114227697650692 -0.300376177032517 0.253778858541306
0.340345588938972 -0.413957299814923 -0.165322101722778 1.496513522319654
-0.436516052727771 -0.086797207845577 0.356478241085272 -2.447923502229544
-1.569033066260177 -2.224376469623752 0.061329543436294 1.637238903952895
0.958169036577058 0.431559543143172 1.831233412328428 0.463035418625466
-0.368615696218044 -1.755032952244991 -0.122174345857117 1.396798127844844
2.599148107573532 -1.548601340689452 -0.489967526119231 -0.468836400430052
-0.297774463037418 0.376498988055008 0.592362135724332 -1.412711734090561
-0.346505461189286 0.417564751966011 -0.263202884974454 -0.309910469201017
1.253055040888736 -0.768057901998913 -0.214913016012802 -0.456900626693381
1.024671916905550 1.023028257317756 0.361359349369210 0.023030044445186
0.779038841076412 0.375233501618776 1.649178577189737 -0.236015217547534
0.875506390241237 1.062594469684551 3.003497534090865 1.022079060892228
0.142961729418006 -0.713413292119020 0.714009476053995 1.312837921250159
-0.862808054907747 -0.629648680527274 0.072588558941582 0.538803161688450
0.289245057969306 -0.045145130024761 -1.466161331783571 0.884352676219447
0.631665326686491 -0.995279099702141 -0.103987562383136 0.670823423588998
0.896774279129813 0.923608143422101 2.873354805427436 0.826501974673730
-0.329937261535618 -0.459105005723695 -0.130688036357582 0.486606731879955
2.059340118903942 -1.100499423716078 -0.314308104622211 -0.185085792868737
-0.501288687684910 0.958516843853483 -0.073396684365623 1.019613627808168
-0.684357295340519 0.169528643037835 0.220061847976038 -1.660796356327618
-0.733461211169481 -0.321602882473782 0.405912393338789 -2.561129365184331
-1.320154139676390 -0.611098445150309 1.026286614493936 -0.788743069227178
-0.638406579911651 0.969220909840489 -0.735476768949114 0.757908073196589
-0.313339722603006 -1.025491149442351 0.341888231240798 0.392855042738399
-0.512716336833237 0.944132967398476 -0.642037046234226 -0.433259063649522
-0.960270823297773 -1.474634464289569 0.870192209197956 0.066608330450683
0.667976544809984 0.919757196825973 1.948707858650760 0.986716655014888
2.121968670239372 -1.280527723665441 -0.395161506872957 -0.707421411268928
-0.279201927380164 0.084538451192200 0.235754762300710 -0.991544175452498
0.293452156152485 0.213490674875061 1.781732417379141 0.300175499191743
0.196769966999602 0.181729958289298 0.818731290919139 -0.219946414536295
-0.836682199095228 -0.535958940930799 0.571327375962738 -2.764872989417024
0.154773105451457 1.219602274407917 -1.730048337218206 0.494600990648792
0.066908913793544 -0.306859850377685 -0.349760197264207 -0.599709249104232
-0.488939167508740 -0.438514950487721 -0.242032848328565 -1.057264526021622
-0.080424452109402 -0.135807371749229 0.681242231692078 0.840049312030816
0.409948395713685 -0.791060746413489 -1.285996394293128 -0.045837329426286
-0.285029634681804 -0.350009944889541 -0.050617648542994 -2.061938543460316
2.498039547731686 -1.604315743226779 -0.544506391388963 -0.617503353490103
-0.169794984115156 0.483693133241771 0.291997320566189 -1.174349180918022
0.340732404169247 1.136094750721651 -0.643042073909905 0.629478913624045
-0.166820907733874 0.545120259266857 0.227495710641273 0.339816451764487
2.571281197181628 -1.508042845750160 -0.323931861320278 -0.334536365603064
-0.403013684519934 0.671725692457299 -0.518372488835802 0.131890456143265
-0.293310260120343 0.301856776261623 0.639755198517741 -0.918176633526302
-0.988255862891737 0.390675659332464 0.370373564341569 -1.981367889202705
-1.233252739619583 -1.517873580285114 0.523855534277886 1.318530663110131
-0.486236093414537 0.382854815019762 -0.102550444424089 -0.307352206038147
-0.456305396374874 0.729991020958262 -0.744157566189003 0.367712308600277
0.019803157277864 0.652794813494906 0.632229029272634 -1.016252029942142
-1.651999142507173 0.337272745664715 -1.755062624617225 -0.015798017707712
-1.405594752476347 -1.877518839535071 0.234863526357116 0.974135252261631
0.541559768534584 1.302774432677182 2.533451739975192 0.088113965374904
-1.739705828562339 -1.812012073791966 0.046948019142911 1.504231799773111
0.791222362700667 -0.129834490649655 -0.644266727585970 -0.114265642114199
0.082409318110943 1.382214595470765 0.251763587937532 -0.088989098853468
0.250032339575600 -0.063894896313442 0.409755052599163 -0.960463661498627
-0.116399040611338 -0.159738802329871 -0.677293385267182 0.483986581997879
-0.619363843705020 -0.603886937544925 -0.112957215558315 -0.886555865239900
0.745219917490504 0.694964904259601 -1.665608795510790 0.600514256421420
0.214744907869963 1.168859261278665 1.835902056329384 0.233091131879028
-0.970044663617256 -0.446062590936689 -0.145681489615808 1.347398308698864
-0.062350684194181 1.141109883444987 -0.311382940935912 0.105668049647096
-1.202266600624257 -0.729354277112000 -0.000359898788030 -0.610066075194124
-0.194055479455925 0.744490778827382 -0.204705977219507 0.747463434869986
-1.903142598173593 -2.183387448371102 0.263426842602950 1.863879777984937
0.807193739653731 1.301199673327789 2.818738752759018 0.954108208142232
0.273426554101261 -0.252582837831301 0.603528048903369 -0.242772578239259
0.154359267201102 1.282350141583250 -1.384204229306248 0.568402575916449
-0.144651222060942 0.151468025821160 -0.820114740974625 -0.379565644281845
-0.881819135576571 -1.417932383739246 0.340682675477811 0.948243187036902
-0.423034654053429 -0.213422594127190 -0.323530805145661 0.758235069239964
-0.393971009915163 -0.538147641547012 0.540004411277273 -1.886905339097292
-0.240385289252190 -0.398394656127621 1.025794843232202 0.071204673812282
0.563854532186168 0.080685969742904 2.487054155900922 0.527427713652702
1.970767152033667 0.037024769126421 0.479393205395423 0.560986205295877
-0.937787670591923 -1.432588696631405 0.666838426500106 1.131557503475354
-0.571713766356317 0.497779248182371 -0.901403416494252 0.761952453927429
-0.072759179442381 1.205475485858390 -0.030926904414197 0.453229718859318
2.186009367395509 -1.182982432913338 -0.461568929373686 -0.272784291826294
-1.943249392488774 -2.239021271117159 0.482974859843744 1.558929623867367
2.825916027042274 -1.723079611586763 -0.579473078740250 -0.392491605525819
-0.209223114583206 0.182423711920805 -0.340080738319665 -0.901565067261483
-0.405198688714905 0.075561862444709 -0.091374982288513 -0.403272439272976
1.276267815136723 -0.425575370862907 -0.820191132626934 1.054485121466938
