0.826470730569641 0.372340191663395 2.176767832371216 0.381440939840087
0.153053437894766 0.978320233472746 2.654378146477607 0.615891268027573
0.314795780595080 1.049468934952065 -1.501246080838839 0.950645147252446
-1.579636516832813 2.897036683792411 1.700350466262915 1.034821345960111
-0.484518694140056 0.621137097215347 -0.565589293593312 0.978039220027748
2.484140962764467 -1.389939918033223 -0.506233803170691 -0.195045277426109
-0.065054429374120 -0.346360331669256 0.377479969685605 1.409736785221314
0.371143397133606 1.208753036614066 -1.033121981223622 -0.422632055375328
-1.692976438991506 -0.126800029737627 -1.031261691028581 0.245014979735286
-0.067569761427610 0.312789951518346 -0.364502469372215 0.321450081826403
-0.093343147502842 0.580245184589622 0.236385605999263 0.416795495826507
-0.912369886310688 -1.198726630489895 -0.041760259416670 1.296703123898271
-0.312867987649087 -0.504131056140337 0.567714679267788 -1.746652904807432
2.526253933920485 -1.161745683995629 -0.480120559580262 -0.208700874123675
0.797735057857697 0.979703014662419 3.161870373698800 0.947850812071979
-0.025160561607921 0.414968262893932 -0.567703528164184 0.960529732152237
2.382315157757185 -1.272257556674313 -0.752863568574862 -0.211621153460284
1.476507597684129 -0.491077601709822 -0.403922904457597 -0.587941479469678
-0.427518180672784 1.486318704817170 -0.925118847614411 -0.201275044168953
-1.148299228146634 0.403395152548139 -1.864151154619737 -1.525854923145739
-1.094029689261319 -0.695533323779586 -0.005192269297016 -0.506095653922112
0.275413784021019 1.204622361915804 1.941655836464864 0.313102828174487
-0.353984824633817 -0.052318825591196 0.373135917887753 -2.291729462074752
-1.187169353528559 -1.805361188729025 0.523366373420849 1.296023837998047
-0.860157532376863 -1.441576040502709 0.917787547213509 0.151350717083942
-1.391785758661830 -2.151420618527275 0.377857089738749 1.639256602831577
-0.296428416067213 -1.330219134874781 0.422161524796508 0.737618326296187
-0.722952921678632 0.485597653215351 -0.294130348851253 -1.858690388482538
0.271843370530674 0.360074922510994 -0.599239876232490 0.277889654660123
-0.149688525537612 0.833974777929848 -0.602646611746129 0.278425933002405
0.667499655518885 1.045682419127677 -0.564298479988591 -0.447030282320336
0.087016084765726 0.688029905477561 0.665493387990969 -0.900739635835754
-0.997033083023004 -0.713435730915222 -0.099506029343992 0.135944090344531
2.579774320215559 -1.515618595727305 -0.524285789249277 -0.368879089533917
-0.400470339792639 0.503032987593587 -1.297559912358821 -0.468470852953364
0.130986267871058 0.600330081369626 -1.120973236556760 -0.532959136155732
0.250140330451227 -0.018269375219037 -0.786147155189168 0.754623225004187
0.688757233350948 1.997324725249133 -0.761068249820563 -0.001371604282692
-0.908642777557445 -1.906420215552747 0.305272025371261 0.941272464406651
-0.539347858964297 0.679198542946182 -0.875730463025898 1.623243006513855
2.090121024021674 -1.364008161456218 -0.111914713329777 -0.055876984889184
-0.882309765543287 -1.018600943452431 -0.169283363203954 0.525683563055121
-0.002386024397411 0.897743268915172 -0.586491193630559 -0.156347919772797
2.721624572374789 -1.666144314976270 -0.586499630320786 -0.214758381762635
-0.215586345265880 0.336732807817538 0.673472809607609 -0.805451099841650
0.494403621769651 1.429744517077006 -0.201942634741466 0.295080625702036
-0.835495190332377 -0.107912775110235 0.608187169624471 -2.795216008812209
0.739257131911662 1.293670397683670 1.996584595525410 0.533563604514896
-0.724363925212643 -0.229232619209759 0.632201364686436 -1.470679194611394
0.132540535645433 -0.272606624070947 -0.375634682126664 -0.496033122117836
0.466579766254196 -0.664453780118137 0.026787848677227 0.034434725579954
2.737417216371265 -1.510849537046477 -0.443274158683119 -0.301490840568511
-0.243141580330650 0.526033248048484 -1.185707116999057 0.846036743703832
1.058152138445183 1.058642151722003 0.378310983672959 0.109010729417826
-0.300795736894587 0.174770719918203 1.569175962945411 -0.210052133037638
-1.103037428374263 -0.701754302709572 0.014327700881057 0.049472457823310
-0.526388414554621 -0.006350569575826 -0.309161156159571 0.205325507148752
0.040913353749129 0.509505939984801 0.477326511183408 0.345892186090325
-0.831643471536733 -0.527355634432670 0.461107817891137 -2.120083015569102
-0.618751318018633 -1.553569025477886 0.320313800376874 1.187774429522515
-0.298384122181778 -1.307360225385939 0.815628508924500 -0.234105841774876
0.612804054752067 0.115335711538960 2.632022604714258 0.599075691825258
-0.560511419638621 -0.656756298162289 0.639215628941115 -0.497343753884656
1.301302147229105 -0.391443607723235 -0.874396622301018 1.111156505269256
-0.078521267968422 0.312743858812024 -0.647642855402497 1.378669205801379
0.332125530503805 -0.218274078281598 0.635063933680437 -0.149238981565788
-0.208954404805654 0.435005530544069 -1.578883878983243 0.261393407834348
-0.044613905412888 -0.125335049888346 -0.722893070212676 0.556868961201769
-0.585008112405184 0.306807118237694 0.023720268110711 0.428828444267198
-0.989442316787419 -0.588188788237027 0.607551886850382 -1.141260472349287
-0.119478425018579 -0.403778784146892 0.687332604312428 -0.948221395244237
-0.340955986607714 -0.179073767977907 -0.347825663800620 0.823324543365241
-0.905590204602586 0.252524506213528 -0.035479143542713 -1.149246956934576
1.107336542965463 -0.631186369329916 -0.188125023487782 -0.005234433433009
0.248680079834591 0.761417944272379 2.570235660168231 0.676251020537312
0.824550094347249 0.367492775381819 -0.629402731131850 0.570068721308395
0.309516642571217 -0.029393081678186 0.429621246295169 -0.846536521204003
0.347413018819411 -0.010624131663689 -1.559269417874628 0.945858456776106
0.786486576485295 1.054524536623865 3.018632247025792 1.112809217615017
2.169437927597456 -1.371116424982910 0.113020946824838 -0.686034913702507
-0.799867164556628 -0.254913938749078 0.950203842072485 -2.625266151971233
0.206040314128065 -0.679576028850758 0.752198940791289 1.362168083717947
0.825297008433734 -0.194281288217224 -0.331409551957038 -0.329027108358812
-0.071917681889101 0.186190187909588 -0.874315630074839 -0.282145005642155
-0.832368746753581 -0.162324446712104 -0.172339976073175 -0.195498676388221
-0.234943433409352 -0.991973187009957 0.357667246356656 0.468326969262162
1.303480211383403 0.061437973612587 -0.363939742134078 0.461391102701980
-0.058624700419826 1.263618721373211 -1.506311469651095 0.537497937444184
0.370988194206544 0.625471348033201 0.590236423828608 0.610050709354355
0.217055244941954 1.318229359824038 -1.472376570551269 0.638886233310277
0.084421658912868 -0.137862279255013 0.259554444700489 -0.861022536789163
-0.126907272815835 1.419104784034243 0.759801242354785 -0.808016297912233
-2.043508219104361 0.354800380484163 -0.317628218471329 1.236442501627560
2.482059900439583 -1.571390002165686 -0.582109176726686 -0.513321598312892
-0.965330646666837 -1.961195251322792 0.388278933176090 1.339679332688640
0.132626344956069 -0.591253184995697 1.132016203801113 -0.785703056158582
-0.298261004475214 -0.434376659027272 0.537248103520258 -2.524410071732708
0.407613100321500 1.237611680042546 -1.511935367356374 0.758399112059619
-0.281104365523597 0.218992062363952 -0.901750903023830 -0.430911055420044
-0.842329342298535 0.491703400379531 -0.791491798447935 0.451325320725933
0.340014017738898 0.953898781239573 0.513545222327667 -0.466240422575236
1.224963199816325 -0.444865054350943 0.578511111751205 0.441253850949286
-0.750232074613533 -0.038225980633110 0.273188136107226 -1.603978489472101
2.552842881530710 -1.475018603574956 -0.348250872988058 -0.238395255970191
0.147520602778590 1.418195989507919 0.262114980184366 0.000174664937554
-0.438924103476003 -0.880116175518431 0.532744598277117 -1.983011083824735
-0.207583694339246 -0.315800867377478 -0.058476717432332 -1.916712454945693
1.940380792291514 -1.668610274764521 -0.299364471468047 -0.070374376075544
-0.530694549612672 -0.569937612956885 -0.124570592339211 -0.774728851172427
-0.562924526687267 -0.073211881155386 -0.564664632344440 2.076077251279822
-0.323718761520892 0.110206361537045 -0.101688601105702 -0.305178160443172
0.850874898514302 0.874278240338190 -1.127183484232812 0.635869261363468
-1.528665040147565 0.372185012885443 -1.865569362246886 0.071285985667107
-0.179268114165455 -0.494043667361671 -0.516298774611431 0.783155670442425
0.427705910032679 1.069496215849165 2.050213260621985 -0.543367811253662
-0.130356807103371 1.676322827031306 0.071177494306278 0.000923829530864
0.832052066600524 0.197177920885085 -0.715334639438360 0.225640705805930
-0.044155012142969 0.789698892448284 -0.202937320519223 -0.208882071199931
-1.442982578058486 -1.025639299707868 -1.455552122900703 -1.478326036246572
1.114663911925794 1.018458530350099 2.878152918056995 0.964474628139782
-1.123975646337179 -1.484859396374797 0.550593260121234 1.367699063529938
-1.810138233229101 -2.206744925714328 0.507250607749346 1.601266970081488
-0.701085724657100 0.760033626659161 0.300431896188064 1.042872833980828
-2.035835374397734 0.372327900275043 0.181195309541682 -0.537201422860361
-0.115905026856560 0.441587569006913 -0.893844880612163 0.229627041483561
-1.771377794531206 -2.151054181512011 0.274480637049993 1.897551816219989
-1.016867718634359 -0.387059423140199 0.585535500034156 -2.311337748371650
0.821389327044198 0.381723130247100 1.393848041325210 0.496430392026574
0.934547930398679 0.959120316654134 3.041587637464277 0.889651611247283
-1.382416874276299 -1.462797890705333 -0.085830154486120 0.717062614927924
-0.577291243791361 0.668859948918058 -0.718311947419447 0.528271512328103
1.000961352158677 1.680876018204191 0.253483402413182 -1.036457871037331
-0.277641400213526 0.981393848772681 -0.745417345780564 -0.349974465425529
0.338078458158135 0.578693396810100 1.882343373162400 0.499207663805241
0.277733620079844 -0.022199546644797 -1.169728025709231 -0.364750558841287
0.847974543814831 1.337098177368901 2.983682414091666 1.013631851096424
-0.151521860113531 1.136166242697487 -1.493699461430841 0.769265248834375
-0.404648133968697 -0.404396426411612 -0.261419613503356 -0.940586741753202
0.496192186270457 1.048040829267842 -1.057876074018490 1.333631575564995
-0.675128035105982 -0.290070382284748 0.533987322747545 -2.357547878074568
-0.547653454065869 -0.559864051990116 0.066686644098477 0.526376662185373
-0.855034343447980 0.654512825863427 -0.301785801563179 -0.610184842530243
-0.748833755934138 -1.111970938649798 0.421921922794063 0.801481763975502
-0.784339410171243 -1.384815945513712 0.356389087787275 1.007933487438205
0.013689417240202 0.037032653826627 1.025066812801247 -0.780315083904532
-0.395347150863756 -0.920610922658011 1.168207917536645 -0.304631319042633
-0.290039726348440 0.683354568632922 -1.391793523848641 0.128464632555581
-0.141981357106730 -0.088096752450446 -0.072808123120837 -1.765203260192736
0.620484361137880 1.913920741370449 -1.264567391557345 -1.283184098005422
-0.614927207435975 1.284594743808781 -0.412305599867086 -0.250870227771793
0.832539314251348 -0.095400141767237 -0.687877431094780 -0.024383632967195
-0.118715841405803 -0.234577068507845 0.282530083195518 -1.622263955858036
-0.986617325047724 -1.116188421278302 -0.425496365036909 -2.807322898660700
-0.250983805154792 -0.425007548255464 -0.143369225502882 0.559414658241723
-0.266995822519327 0.452559169535198 -0.283864584183111 -0.214469116474979
-1.448484074122082 -2.192085140468476 0.060212328018323 1.677351053621293
-0.740717687483882 -0.501940116166477 0.600924023008097 -2.599672674357290
-0.887203134753252 0.425642565466437 0.387868066362037 -1.838431255288417
-0.402035800085793 0.417813719297571 -0.113537088860418 -0.211983547612796
-0.478689630360209 0.510836482773976 -0.395073660078559 -1.156127570574644
0.417448339656135 0.959603521858747 -0.111888559590073 -0.967971064013190
2.180504343997727 -1.149625606868144 -0.494176929167369 -0.178397897612964
0.850540615286783 1.393154590374709 -0.383050532836145 -0.538543743801952
-0.155977974923215 0.266549748535674 0.569986679945904 -0.936601218618514
0.271335976346049 0.244793222939710 1.312917402985231 0.463538653699937
0.079033580372893 0.433003570666131 -1.126816488207940 -0.162050346145730
-0.356500902855226 -0.178200311193097 0.301792734321670 -1.811000618080687
-0.119663474662384 0.779819689059841 -0.221844786986821 0.812858990261311
0.679690546972437 1.460714206455054 -1.188226312700822 -1.560248240830766
-0.373109854554615 0.765305095838904 -0.793784047182595 0.443898678228268
0.060855437540758 -0.311127066956382 -0.692450117197782 1.239470036632625
0.226405475129521 0.210423428258611 -0.294180968992614 -0.162082035320502
-0.182227416130493 0.808027657117402 -0.891782953520699 2.299650879634297
-1.641113291643570 -0.356228780092890 -0.264164912503203 0.317699383602199
-0.405635314124962 -0.323959276396550 0.224030916830930 -1.784250079316123
-0.400200227006118 0.161851702547795 -0.481148148449904 0.276883726496873
0.713430767914211 0.955265429982034 2.061255200791006 1.045313712981154
1.736020322754312 -1.213840428893024 0.089844515102408 0.311150287482815
-0.009846957415165 -0.101379133989029 0.717458337774790 0.902813994378537
0.007620087390576 1.176844592450585 -0.334946212500172 0.189300535229831
0.204540516611744 0.526166148685047 -0.559838845534629 -0.293315846020480
-0.288363833203338 -1.722261416712070 -0.134342810629077 1.443742519922600
-1.143834905489846 -1.944896102155405 0.395140493337661 0.957256809178430
0.181251123537423 1.034511851750433 0.048109052218753 -0.445393008290490
2.372786593437081 -1.662098143572932 -0.154563869765010 -0.005383941334494
0.913993988913825 1.098248846053104 3.179568018787855 1.079671278776696
-1.547707245429401 -1.030974530464690 -0.599648212039474 0.560009439675891
0.154275660945379 0.648595290583397 -1.159610746789083 -0.340154071418223
-0.048320867632330 1.112306353269676 -0.928584639959639 1.086524265956707
2.798929807242113 -1.690275383159612 -0.619181680921911 -0.294703669366871
-0.543847251513258 2.504600309316066 1.855708742115946 0.800444959180423
0.413908519050452 0.468150795660536 1.341195501287893 0.252631757281578
2.531273405508687 -1.412688973238663 -0.709278783193461 -0.162389176552900
0.024876712843281 0.609326609431994 0.168617891751358 -0.198634279604685
0.181935359518749 1.361561113037765 -0.897196777639327 -0.084735260047505
-0.427627121188895 0.979666140497361 -0.685513470493191 -0.334312700202062
-0.644032979435529 0.652215872665025 -0.547646140818654 0.352408780491995
0.387069605187506 1.510227759798392 -1.041422840737909 0.465422128241467
-0.549098035156216 1.004779751537143 -0.784580461814025 0.823006839074586
1.864398513143810 -0.964770808161997 -0.987990750523622 -0.310489753660593
-0.604480856576034 -1.010930348908605 0.454488390739079 0.248989127268774
-0.765966517512361 -0.595725713932518 0.072149401020422 0.610127900933926
-0.484253804528965 0.024359464223272 0.598743138584433 0.256813915808436
2.598866518747939 -1.277983807223104 -0.676805962509965 -0.106227833428876
-1.149971390452144 -0.413686411370900 0.484162761274299 -0.613466703476421
0.788081137327274 0.730243142351196 -1.770728309060727 0.670085444686953
-1.644956056424191 0.008462089812662 -0.579802585618640 -0.619426705962238
2.122486057489529 -1.083593195790616 -0.659385884529377 0.155624692963342
-0.763990664863995 -1.024923326336326 -0.356227763597631 0.709745665727545
-1.107804695205989 -1.743958021789814 0.473105635062870 1.220393153420353
-1.207959830243599 -0.577156498978751 1.083282506374210 -0.679695453662378
-1.668945355006129 -2.117221366859568 0.059558484525735 1.460598723272059
0.559440363719892 0.815992476769920 1.115357115278995 0.631269455763985
1.735078658841080 -1.074936985543262 -0.602111725585741 -0.635666189218073
-0.164438026783931 -0.364235083181098 1.082761118918185 0.155816453097855
-0.783412669616382 -0.432904765272042 0.773891358702800 -2.074133712150839
0.730548606134063 2.171032002931197 -3.133430107537472 2.504507581300181
-0.238470569160419 0.062675562777344 1.057541320822790 0.674981015917635
-1.376599003015230 -1.118230328168386 -0.327272199069746 -0.704546267026554
1.157822264335724 -0.897960966771164 -0.346596438034555 -0.394200365262004
-0.140624823830775 1.192085145796100 -0.911417662685859 1.071771736286292
-0.475833299567933 -0.254259422319300 0.558500126201923 -1.892204534703400
-1.279659851706646 0.745141073246381 -0.902004847399660 -0.865810852351388
-0.514524344649401 1.083955497822515 -0.637214262612975 0.377434290588885
-1.421496672843341 -1.645278146824102 -0.139035297733302 1.329766308785849
0.276409918192306 0.458921499431239 -0.032803025402727 0.680230855871400
0.850766704166109 1.136104017543952 -1.659017250096776 1.060584645049109
-0.134321943422637 0.217177546158392 -0.365372292134612 -0.789311559367786
-0.730090017819728 0.546884051965212 0.632487368485129 -0.504503069754123
-0.201951618889900 0.119192134634604 0.245142046785805 -0.876733867132144
