0.800985408785624 0.893673932772871 2.582834383247316 1.077000342311379
-0.701162434529835 -0.403980870684344 -0.073056459290034 -1.689982072895310
0.746219411293497 0.422584728047389 1.329052534540897 0.504671280016056
-0.154996960836353 0.349961144685366 -0.616801500080133 1.452885293425049
-0.416578016234072 -1.127488628900528 -1.969589002153993 -0.581412452727875
0.338147345548439 0.513578538700280 1.278866585816422 0.242641001699380
-0.990055499865298 -1.241363332877007 -0.039302430260409 1.364789659599767
-0.654490655687384 0.724891555203187 -0.684159986980370 0.538893529140836
0.418759247273854 1.525975166481652 -0.191980809478530 0.288264262953796
-0.807511141898909 0.596471429327400 0.603359003689334 -0.571113552992541
-0.373220293864231 -1.379802847458789 0.402886205998891 0.763895625588762
-0.516672983215486 -0.013625874921768 0.584277422871134 -1.463335540917694
-0.315702172361141 -0.118231754667483 0.500500686758321 -0.796648366207918
2.107306514472768 -1.189668204645460 -0.470524927296910 -0.220621725562777
-0.375055541371949 -0.436631234154826 0.512581372359561 -2.742072362732611
0.483890358031273 0.879797386758279 1.063607955326271 0.649593820029578
-0.729508639317205 1.304081455512178 -1.111332000533316 0.252139952977361
-0.206907713732799 1.785580698341863 0.068344576197022 -0.027890038935936
0.485221211374614 0.160838308077333 -0.071878385376313 -0.612654981179632
-0.284591887552986 0.837978489999844 -1.372762282835115 1.280258861585528
-0.062652477222224 0.059683569081415 0.977547444527476 -0.867551221343340
0.537331480184969 0.142123532870033 2.509222856925176 0.614992556024349
-0.255889991473404 -0.499450569059142 -0.491610439987458 0.812838323618722
-0.504609369304818 1.052118255253756 -0.652898006454922 -0.388196081173271
-1.171978892571542 -0.711585324254759 -0.004447525334619 -0.572825233097794
-0.263792913965923 -0.569620259513998 -0.057098181598720 0.765812532645411
0.105837591198088 1.454189497770857 -0.854664675085417 -0.119954849331819
-0.517580145460751 1.496834986009558 -1.685022634820358 0.533127088459719
0.078137758191735 0.703556274715985 -1.104785447815503 -0.394474279273612
2.665027471659472 -1.569976312572561 -0.422006777410015 -0.352919751493878
-0.843439698665439 -0.606504680126543 0.069270952407675 0.626871266632338
2.049204042989615 -1.120147170127173 -0.627994408479498 0.138379597247390
2.016792047612061 -1.415377015431383 -0.106170388090770 -0.088938507179685
0.749384764893943 0.407602555268098 -0.599415863210080 0.583816398841979
2.453557789679948 -1.202428609522316 -0.457127050521148 -0.253190806096106
-1.228001765596234 -0.414847879616679 0.461982896728780 -0.688225657826575
2.409299630320367 -1.633715250718620 -0.554337849980451 -0.580591544922294
-0.015418018667513 -0.306870121317905 -0.659509695000046 1.303276592470307
-0.172718756395410 0.566856484472805 0.290995721014018 -1.162072855943667
0.745593962529670 0.452549882403897 1.662502938198793 -0.182225946222177
-1.771794718590610 -0.112804720584723 -0.982449106080308 0.234454629604153
-0.417812474248221 -0.167840184250219 -0.331029717868227 0.856011087742861
0.311269488217367 1.610710498783963 -0.992134240699314 0.471344169721829
-0.124752739489698 1.191766113936826 -0.884582123471793 1.138893297627464
-0.947226830930092 -0.413021613900006 -0.151303083249499 1.471239569329189
-1.074841543519911 -0.730433551119831 -0.094343008484630 0.117227248354867
2.526275735920210 -1.324807823689588 -0.644598415421813 -0.143054670997156
0.655246879806474 2.306426342670519 -2.986138126331822 2.662915625137562
-0.241038385522305 -0.362783939530923 1.032538969844709 0.138585697504962
0.054814572030945 0.652741118627813 -1.067957972711996 -0.601697608587481
-0.477413183212228 0.550303626121424 -1.236272167068938 -0.532386790611180
-0.319856138523765 0.574519036022740 -1.129659292388329 0.880421741978599
2.309410157257773 -1.318779043949961 -0.717092982927463 -0.256329468493188
-1.719856317421450 -0.354354647547239 -0.251288186464661 0.312574486979276
0.645847961584943 0.900735547463866 -0.012823510239266 0.339097668855120
-0.395849284204715 0.782201358636302 -0.010539735553283 -0.196299275250830
1.866834541666877 -1.736071863432419 -0.284838766552190 -0.104520035974548
-0.861839250531295 -1.437284116052193 0.340194982576627 1.054425377657908
0.351964756649912 1.146694231920439 1.954669289531452 -0.612884660703960
0.056371095059682 -0.266314566919719 -0.357535978853920 -0.562010209412356
-0.354406017907665 1.053937241789095 -0.709995590188560 -0.405029057718558
-0.964852231159956 0.468824514268770 0.370199278732752 -2.004794976498475
0.341692302460742 1.030995688621065 -0.106145459564268 -1.069240409418949
0.182054912063205 0.248614720581011 0.823289722533555 -0.165446241353636
0.195367929000300 0.278420541746118 1.251913219645726 0.469319846005514
-0.482585651961586 -0.320380281872066 0.214037338972491 -1.946562047366634
-0.232566058062000 0.301326507805409 0.543786258517859 -1.035524677876335
2.055759672625288 -0.801433068246656 0.034026840810048 -0.616914095400715
-0.366822334108090 0.740151954468986 -1.326091256347412 0.109188465003409
-0.860911165268841 -0.435081577328810 0.738138700879072 -2.258123632075995
0.105152362385149 1.109861574375151 0.046356811676307 -0.507583148596175
-0.869144372532701 0.496268645490261 -1.753633981213821 -0.548203238767428
1.204362498923600 -0.752375430051455 -0.221265394950164 -0.412883573466849
1.229009813172206 0.085378270389194 -0.346388906777478 0.467011697781950
-0.718253550570767 -0.281852383874100 0.406113243961866 -2.610205750052527
1.032581538799709 -0.643838792385887 -0.178810506025351 -0.034508826444975
-0.919913326491120 0.538375474310315 -0.753911612424793 0.456193180871807
1.476198821746370 -0.879958450073939 -0.337261045347692 -0.012486664601007
1.662177543534204 -1.257275623271078 0.086137110951268 0.305535639199509
0.591920379281603 1.398382440884057 -1.578623662980055 1.223527145770489
0.275627128435958 0.282087631542129 1.796455973283887 0.377686448860649
-1.723704658082992 0.029603565419429 -0.552139314772184 -0.694631358628633
0.076913761686180 1.050701241287587 2.530531118062210 0.633065627339768
-0.286761156085114 0.767707699804251 2.436711402353186 -0.680536196945576
-0.385821180966288 0.036222767644959 -0.711796877264828 -0.210817990429320
0.271555359840862 0.009508980950552 -1.485721477875505 0.987708279024772
0.129977522279861 -0.694784973738054 0.717462498510764 1.435150191599800
-1.482343457046570 -2.087822934191996 0.115385509852174 2.023769907305021
0.199451653605219 1.288959360691707 1.851197409190084 0.307634193940797
-0.389683719389494 -0.510070894624078 0.541620693296257 -1.906153297290009
0.200449233174764 0.503861640418570 -0.030764812006507 0.702216630285834
-0.343744993399271 0.497163175996302 -0.270064995942725 -0.259390406640593
0.751308187974100 0.412706070180500 2.075295212690209 0.381082736579696
2.096224040618140 -1.422860822639696 0.108227806162056 -0.766220632418509
0.256245689263448 -0.209111524812822 0.605814865622782 -0.189282260125467
-0.515922743599139 -0.905920054697264 0.508288840925132 -2.160186710951681
-0.607826349351072 -0.579354142552152 -0.118233382479654 -0.861547241382311
-0.841460979039853 -1.058377654930670 -0.339038208043475 0.733938603828297
-0.121040398439884 -0.111262342940040 -0.688526499848288 0.569629540010426
-0.285619357147087 0.478682143389586 -1.504417068605934 0.252057862196803
-0.721329234097546 0.707368139340732 -0.521489289365058 0.349879506905865
-0.666338314170638 1.472722293444831 -1.070819928383621 -0.668942184151012
-0.555745970565272 0.558519395452672 -0.376064307212981 -1.271467554099065
-0.270524894746474 -0.882514251519769 0.639700774599062 -1.038030193295709
-0.327709742475768 -0.426767134650603 -0.136151364012425 0.572365608260304
-0.357874008006736 0.251256254606986 -0.859005455280817 -0.492018212618658
0.681554584919147 0.630495940473979 -1.061340655144759 1.081626245126444
-0.591632681297424 1.161917426481647 -0.606861451173994 0.376776463825101
0.750132762758448 -0.183851147991249 -0.315382644685179 -0.382515224497417
-0.561709030464128 0.581701970402620 -0.915002163118289 0.859892933695847
-1.442944668429127 -1.550086353978935 -0.181275213564977 -0.157720974919415
2.726629317767480 -1.758881582538528 -0.589673634223923 -0.345625025004500
-0.086223003336212 -0.086040788418910 0.684349373856044 0.941444884343239
-1.357878405794304 0.805202762850848 -0.859247503231690 -0.959440497197817
-0.662218721536252 0.343710754314045 0.023110558640253 0.432013952772749
-0.148383792903411 0.216721391969167 -0.832855430980296 -0.332127204745929
-0.800363689777035 0.531947148395297 -0.279849844667740 -2.026569119388417
-1.454958216548665 -1.156614251009956 -0.311439112621777 -0.786116293723552
-1.226327176970503 0.445401726334832 -1.776320548622607 -1.668843696901605
-0.311646096028937 -1.023686694293153 0.341413263791156 0.474466239301564
2.411383712282511 -1.442678798217917 -0.482016978014298 -0.238514022499733
-1.221856376547588 -2.026954419884941 0.377131017392320 0.999959018063800
-0.296581523652879 0.453883590183700 0.594531088723587 -1.410980835657516
-0.365144009229289 -1.792557501779046 -0.127547805785196 1.522824891848178
1.150378872824218 -0.447673752237080 0.551911349865455 0.445368550818431
0.059388493038577 0.421300356941067 -0.514446578555255 0.739663125812959
-0.192434963842944 0.485611924018660 -0.851469802963089 0.217915957240229
-0.486449684886021 0.620685221632865 -0.552615369213769 1.069627891572323
0.795814434537493 1.456073188140268 3.177769751136113 1.023802896591217
-0.696010888797665 -1.614952756433693 0.305809698924292 1.247715106931308
-0.450012997702045 0.826432090809757 -0.756096477150784 0.448211162421798
0.238890793755812 1.125608869992339 -1.430416335611957 0.992852925708470
-0.228103477395839 1.216886568717219 -1.423223249497127 0.797909154537442
0.929660469996556 0.721627246774272 2.264033107566374 1.334787225918142
-1.180999701982443 -0.718134969858662 0.014158001041996 0.024289131782835
-0.433379946287428 -0.166920581008475 0.288156281430847 -1.975313033297836
0.388376037313015 -0.776618339082251 -1.303654778349661 0.016365624846628
1.655613694141779 -1.111353919076835 -0.373556175788481 0.283606921116389
-0.983265980787477 0.286560284072332 -0.033315563169866 -1.264072397399429
1.790742011654280 -0.995047159737188 -0.941205261055879 -0.362591617394737
0.321386514278847 1.254428542043518 -0.653913642873372 0.721558615475198
-1.185773886154597 -1.815400381600117 0.451443759040578 1.282773110066664
1.673701642501643 -1.041536055719744 -0.647627633464805 -0.186571517754698
-1.658290339342908 3.070787292921618 1.621196369785102 1.083323952332879
-0.826282077319870 -1.150024165509758 0.402657828530292 0.832534871115604
-0.752469408930256 -0.284700970169105 0.509473348006982 -2.562731953010851
-0.827682424970303 -0.019551128526879 0.260891710751886 -1.752809465819875
-0.068730613715620 1.259714036489246 -0.318753624785052 0.174573771717917
2.484851150888507 -1.660039196812746 -0.501327740447113 -0.607435230164785
0.128475548545939 0.574658958063920 -0.533110807591053 -0.344133418055636
1.793840112699476 -1.325216266642165 -0.253081432080768 -0.094897075219554
-0.210878603495020 0.249345873906021 -0.347754346712971 -0.877220467325670
-1.368766594489321 -1.921646503539548 0.233258841197508 1.081462936871504
-0.478980915000173 0.460582054605967 -0.107716760879906 -0.256718963047751
-1.521438114664159 -1.059131454597604 -1.386862983229027 -1.617760525433901
0.172679158610705 0.822339573304725 2.450330419283400 0.697939176635052
0.775412998277020 1.487452121271242 -0.364604422336241 -0.607699841936159
-0.636084378566002 -0.400258782629373 -0.655635319494037 -0.054769529731650
-0.481597039399408 -0.405067086298822 -0.248671495327975 -1.039808244670350
0.283784863387814 0.890323082965885 -0.803882050016928 0.085348079700697
0.838958443231761 1.176965920690861 3.031117642163329 1.131527833337817
2.299867766918376 -1.729215683414602 -0.146821577501266 -0.034669514781387
0.150372233284809 0.242234922541546 -0.279898093428711 -0.203085737545690
0.295164742986772 0.679210648348600 0.563087371198480 0.626788302545604
-0.078751244447908 0.965867235638317 -0.558514584388548 -0.196922815860601
1.661234513259473 -1.111033635098180 -0.573403347878327 -0.712085255865162
0.264145622753511 1.024989555223364 0.489988890034670 -0.529989565157649
-0.607419845017115 -0.079863189860918 -0.212864481519015 0.239366976844995
1.505832539341475 -0.968356828182631 -0.553615726857911 0.623994596088101
0.245072050833924 0.423305366999362 -1.042048388070317 -0.509329760948475
0.195876059417747 0.399792802495650 -0.570666034839213 0.269787724184995
-2.122835122982222 0.394239595936450 -0.302246919510696 1.300022653657973
-2.115151144919573 0.412693129413685 0.173208433292416 -0.606257140133159
-1.747728765319612 -2.208383970621854 0.057269877262038 1.540941628472405
-0.278606410135713 0.146183698458029 0.234159484735642 -0.971180352123798
2.098789351975630 -1.332708161829737 -0.457833894869380 -0.252319246532308
0.663968041721204 1.382711981069829 1.903552943866243 0.544581372266099
0.646860486166767 0.979408939311588 -1.061416244870281 1.519260056037135
-1.067239763024790 -0.598569563675581 0.579591664034788 -1.255488670994053
0.983325767334420 1.135266726025459 0.361089912661338 0.088279768534032
-0.477142678489999 0.191097056080941 -0.458106500368869 0.268706571138922
0.523715079498634 1.039457332521785 -0.645295610017851 0.371591645057300
-0.412565280437474 0.054620494065308 0.262025556634715 -0.153853975171424
-0.312350006107223 -0.327783209287789 0.680567475141897 -1.400239169690874
-0.340200036486968 -0.590268061764188 0.390775766995052 -0.808362021948615
-0.986322983048908 -1.986445775766457 0.291472579601620 0.982779338966583
1.083140515335624 -0.924707621717894 -0.329858077122636 -0.452562239580212
0.604315025214226 1.558581046066210 -1.132060472392676 -1.705809000725671
-1.850309835093444 -2.244004240076225 0.262123662448690 2.010570757758694
-0.670729158777866 0.235755642357196 0.218300921150336 -1.670040999669106
1.226828588630256 -0.391429944470296 -0.832932628997850 1.165367574357444
-1.142174054585855 -1.170034634994343 0.524066989908820 0.579172156597215
0.008182397471030 -0.124451410717620 0.247896711130236 -0.954294103901766
-0.226267482637507 0.898729728607644 -0.573913176452593 0.270364106261254
-1.470167008293204 -2.244390036686877 0.360657282104627 1.732959823953331
0.711266016578097 1.130931569142658 2.877721160552749 1.167143879119732
1.039919539828126 1.092960124117709 2.743822807396757 1.007716596826539
2.480185318055367 -1.532252359712935 -0.331435007460387 -0.285105780303498
-0.616492214720375 0.735776357689891 -0.834203983849449 1.715748705833771
-0.681719720806985 -1.043645400710480 0.433698668901288 0.238725970111701
-0.375178837723241 -1.355736256375838 0.777920608446065 -0.280495596999604
-0.472282560497247 -0.948554219765002 1.113982878364551 -0.356295079864697
0.757385577216882 -0.079745914161664 -0.655151223592290 -0.055090033098297
0.722530819582515 1.052157077554199 3.014249071181687 0.989849625768691
-0.141531504774024 1.231382653943047 -0.307630677089096 0.329237168820213
-0.400550237816708 0.136723189118828 -0.096423334228517 -0.356882814921246
-1.064410672200596 -1.154464466122925 -0.405061812556835 -3.046141853756783
-0.243056709430427 0.698577314684172 2.120238933535133 0.964149098310780
-0.101558827685112 0.457586267088450 -0.540607056753987 1.003476695341332
0.142931858922288 0.696611935724245 0.894360951590547 0.195117426205663
-0.818154232392569 -0.507764202939423 0.573274292931590 -2.822963220604657
-0.640103092367512 -0.056385403668019 -0.537710522803666 2.202446604332907
-0.909211950449577 -0.534522473519755 0.440007998544324 -2.307509096337263
-0.192133821845546 0.987205751317222 -0.981626464705744 -0.269480586199827
-0.637686483882186 -0.670759631349324 0.609772068168459 -0.563418852274486
-1.626314738323866 -1.064748556192950 -0.571055241511049 0.573004868381245
-0.196013547032871 -0.404416812766402 0.655634927909890 -1.048013829501453
-0.144029563576264 0.350009672560920 -0.346925272170278 0.316605668288383
-0.937767385408836 -1.497042959604920 0.875293845400638 0.133786006760843
-0.292260920603357 0.375217477517310 0.642424417155901 -0.894566947902533
-0.561318218393063 0.046340829697914 0.571195575479736 0.247135908588023
0.002786500788118 0.476574415994702 -1.073527488020136 -0.203051678604820
0.756897622566010 0.228289628703253 -0.681322155689231 0.213631517140038
1.402288263526337 -0.496327800267259 -0.384498994776810 -0.660791617609006
0.859542208642023 1.030486954725677 2.899601169507295 0.927298197595789
0.295320171114461 1.293308267139248 -0.984222248046009 -0.483120095989868
-0.493549312968606 1.067277554778818 -0.078255263284709 1.128953326730528
-0.258853587408098 0.871411769862593 -0.849504470099518 2.442739418619040
1.112197355456805 1.255899745470722 0.860852991241877 1.142029340106018
-0.620998135922142 2.657617725265376 1.769276642082641 0.831420532434837
