1.101611522567802 1.084335076178762 -0.454074814794610 0.123380639053262
0.783080997448408 0.545505803036898 -1.078861037814319 1.019373723539777
-0.630999394761484 1.377389344941841 -1.088545544267330 -0.598008755897426
-0.058924943543222 -0.187143449586452 -0.697975182774243 0.546330518524354
0.755481467850030 2.200855239738369 -3.045331785173842 2.480356165229143
-0.347228159049078 0.695348229769194 -0.005309508052203 -0.161325249500072
-0.087611019412785 0.136812539348183 -0.845428941061718 -0.286819180333886
0.855026666634383 -0.258840840716099 -0.316752489623738 -0.333373601718734
-0.583432813556260 2.547733878965198 1.813041198806290 0.788204047910739
-0.910374272978358 0.623822594749284 -0.287905180912799 -0.612566190654704
-0.911259345662462 -1.143989547146111 0.044452161090895 0.479126841496659
-0.316775857530901 0.653815205837670 -1.349343683601350 0.120920511651924
0.343141861598710 0.544977752857657 1.838977733309305 0.489072243382160
-0.262595925428332 0.008369326157986 1.035793831442854 0.663617031868365
-0.603475907723211 -0.132940416815652 -0.543893929274990 2.054920338718523
1.616745775146090 -0.946399720772283 -0.339104573697971 0.008502613834208
-0.137579604784612 -0.476697888039009 0.675288325196452 -0.948240044996072
-1.533868389761783 -2.336362800825397 0.064604938770938 1.658981028249462
-0.323487985361989 -1.440105867856285 0.417067408185395 0.725816540269264
-1.175941546956857 -1.870354123884304 0.466676267844249 1.205217024325403
0.394613267462501 1.513683010645503 -1.008156253766221 0.455522851008387
0.404834328273262 -0.451776475948842 -0.169398139656658 1.523210074552138
-0.569614234103025 -0.649486931032300 -0.115334801376474 -0.775960122897389
-1.528088371249915 -1.123372423052539 -1.411431162917040 -1.474639532332150
0.127288391218492 -0.671653055576020 1.108316719730900 -0.786857623941164
-2.150955332898457 0.330377680694755 0.182416943340682 -0.540092886845068
0.065963594241765 1.564907073494383 -1.566899203563619 -1.001260672020251
-0.600940633090446 -0.739769930966850 0.628432500923077 -0.500513802090121
-0.685463898506506 -0.355638589836293 0.420364313885762 -2.391577991437010
-0.267503414358794 0.490216313013801 -1.148658823633360 0.833477169750382
0.856259810418348 0.330390462544782 2.125685295786232 0.372128647107866
1.949984656066335 -1.386189627845466 -0.253102410098205 -0.067637885462172
2.217888082922274 -1.183638845929904 -0.636132527255889 0.147890737469282
0.737497010413333 0.936576091000869 2.013200262699464 1.031361297433407
-0.970612523683899 -1.303366435132931 -0.034694936183462 1.280993628096035
0.881899480220214 0.852357280038510 -1.091669101574281 0.624778647984008
-0.885799199017955 -0.605205809344968 0.454992914750573 -2.111910966649290
2.213819413984719 -1.353847552948991 -0.406692372890053 -0.603132340350852
0.076643262244909 -0.200170551360858 0.258722277141934 -0.861650660869477
-0.473984835192099 -0.090705988863895 0.602385877866897 -1.331963439146256
-0.386601742360971 -0.242118186552634 0.299853496650753 -1.804988893160423
-0.925680777989103 -0.485197019441346 -0.149120485408846 1.379344664282093
0.702048634301891 1.462193724408563 -1.151111990944922 -1.555989143633462
-1.026254511194665 -2.096259742396099 0.384072882934347 1.323669455706454
-0.966696723810472 -2.039299025481970 0.303241595107846 0.928047242668920
1.099670477425338 1.044077840653059 0.374366194459430 0.101602581103274
0.437306853269682 1.055365013092538 2.002447732969485 -0.546216175414682
0.507381248321950 1.429988255534251 -0.190678914228454 0.286371946312915
-0.083042978199078 0.268463996895159 -0.348978038115368 0.312557093756543
0.631775901438217 0.063130766001842 2.569007791597931 0.588242246217073
0.051883961463635 -0.380349101401015 -0.668330142831044 1.224160570120291
-0.149008723173942 1.686405747791778 0.075282706871530 -0.005728847990915
0.405227084176483 1.161776311164298 -0.662612932073791 0.686700595274360
-0.014614865375879 1.233999355876306 -0.030643841738280 0.516656492470235
-0.461328844570154 0.961950459901370 -0.661575306382397 -0.338622250044645
-1.048618863304603 -1.217534714470288 -0.408373277216729 -2.794347403071151
1.039584311840006 1.691140624361160 0.252810357525725 -1.035859794059206
-0.080422253679185 1.139013433997442 -0.308832686246828 0.324227570218646
-0.307388129105616 0.170923302742146 -0.872145132556921 -0.434545433377103
0.125565282485400 0.567477803233333 -1.085621625157534 -0.535880251501550
-1.458344016587379 -1.219658099306025 -0.312723577200464 -0.706268078239086
0.345175412123569 0.935154909050991 0.506055929178839 -0.469627866768436
1.647834639126174 -1.033712538306806 -0.560143492655894 0.596559397169185
-0.835126632007221 -0.506986079409269 0.759578365327599 -2.066282824784527
1.331561088548441 -0.820383461355965 -0.220597532441830 -0.361431479794866
-1.170932929260895 -0.786563485050116 0.019922952644379 0.042480450829204
0.689240558559737 1.030600977530828 -0.543537373811756 -0.450551995327822
1.274926628036722 -0.519423618351179 0.569319055655563 0.431523497310323
-0.790270144928611 -0.578776138951612 0.591144522098613 -2.588148545027093
-0.465363803919210 1.193420177503048 -0.112034609450639 -0.709096135484638
0.850264991272782 0.369744979912327 1.703955765965752 -0.148322641080078
1.151344924764048 -0.713179688582530 -0.177223464051375 -0.011844067923595
-0.520822348553022 -0.031475694704346 0.589020798890178 0.248372700669749
2.183884515452820 -1.475243173580543 -0.103010634316616 -0.062132654481742
-0.434441919993788 0.377678514450969 -0.104590487210164 -0.217148114131613
2.278843642313338 -1.252306139737523 -0.475253716376910 -0.183797210226429
-0.944171663197219 0.385819754052549 0.383672784983667 -1.832227804587701
-0.939030558979013 -1.116053216180821 -0.158875645709410 0.515363089969630
-0.224228142164008 0.067141071447817 0.244687629726191 -0.877252177246083
-0.275742664943323 -0.498773740766914 -0.133640720343727 0.548858422475942
-1.873109145322861 -2.293694588838349 0.273257252385118 1.877642702902593
-0.852414163300280 -0.321892908033726 0.931269679551341 -2.613563137643474
0.130363803211176 0.338879208693972 -0.520126303580590 0.703427686503333
-0.203505368619627 0.783463108392912 -0.862438444082004 2.276931304563178
-0.963489609239462 0.205793787347090 -0.028578449031895 -1.147860543347407
-0.843764126102401 0.412926862497336 -1.786143021859867 -0.486455815959091
-0.215749788684305 -0.948924136152618 0.659009185786339 -0.939015979252518
2.150229019083226 -1.166444062181065 -0.323216495118503 -0.099186255876181
0.352949000020448 -0.067855236478104 -1.512430016438188 0.932601181354768
-1.321822534994225 -1.041115626069326 0.177581262565112 0.981265551297995
-0.288846287542791 -0.660266823798831 0.404694769299889 -0.726821317102412
-0.248117265195632 0.091538427686877 -0.291478129552444 0.822450570515655
0.948214080238857 1.085264955768227 3.102201981497491 1.065478721847371
0.179093757191609 1.359084137971905 -0.867710371288398 -0.090789225418417
-1.709398136800760 -2.100286025154608 0.406288588651674 2.041409406171654
-0.514976478751991 0.474413153186654 -0.378747954626336 -1.154693065103567
-0.599259857328958 -0.472590919852205 -0.664371884255323 -0.030563305611703
0.318680459506505 1.034538586204774 -1.455927477304680 0.937354415372900
2.060295756684878 0.017680903902665 0.496228471917989 0.620619265644258
0.250751718959457 -0.075805547194905 -0.759571371382527 0.742702583645847
-0.404051550045180 0.739035794295896 -0.767008099615701 0.434149838632512
-0.773088446064565 -0.295186830133537 0.621602081288675 -1.467046138113065
-0.771606008114484 0.448167221887437 -0.280450378439554 -1.852345337056563
0.577106788330439 0.081615717737782 -0.067976184606557 -0.546003970263304
0.014083753596381 0.576833318587479 0.170169181022945 -0.203892150511875
0.969808599420726 0.940584798715591 2.967838080803824 0.876787192223855
0.902951510210410 1.360944696016462 3.252029216128939 0.965949664668871
-0.349941388951367 0.678383519320841 -0.533899696071659 0.206630414352655
0.478148763541121 -0.747774564546266 0.032056518627117 0.027547824454470
2.647370974785630 -1.525866489478153 -0.684717727681587 -0.167900381738020
-2.159016628213463 0.312150762556235 -0.303332366370436 1.221154195998486
-0.159796575437853 1.182845593202575 -0.881558525408854 1.057634393019621
0.639845036192409 1.933484500873319 -1.225452161916550 -1.280861533985108
-0.800266213834733 -0.096558478445014 0.271998628031028 -1.599413740751405
-0.816797239246338 -0.676304051254599 0.076229139806198 0.599217206175419
-0.735738222006589 -0.196846471488208 0.419799904661702 -1.603786941969920
2.670032441640720 -1.590683250965134 -0.333152397819785 -0.243375218487300
0.609138736844604 1.335284333221608 2.616910278682735 0.164395134318861
-1.356497158458005 0.718067169326582 -0.872392421023357 -0.866405508614995
1.811856873383961 -1.319083317472396 0.093460463045546 0.302329289578333
0.377880768463815 1.200178580704831 -1.000072960672298 -0.426324299204511
-0.364764984508253 -0.023297707283938 0.273157022508356 -0.122109253407179
-0.521232351222452 0.497311038644420 -0.929354210165962 0.814510224908384
-0.521100648644126 0.589115078732185 -0.544794355053112 0.964557017933972
1.204386570296804 -0.990599358165692 -0.331541325784295 -0.398091331706900
1.032146251940290 0.428378521448741 1.891915539366836 0.526116969275971
0.216411839548921 1.248704874332385 -1.784876181942108 0.556571232521658
-0.094548923092431 0.268416064957558 -0.624697284185016 1.362386810036793
1.539205882156955 -0.567480178990240 -0.387365259358744 -0.590478297046430
0.908376402127150 0.805451884767507 2.644213061423904 1.015099766555557
-0.473197755497821 -0.972042508523350 0.524752087420369 -1.975797095882248
-0.022397860599781 -0.162231623883805 0.704624459945696 0.889857577194099
-0.432797205652557 0.466298276150754 -1.257579945200519 -0.471842707606965
-1.707162328744901 -1.907105138174472 0.049756950551965 1.530656619579015
0.336887557016086 -0.283791011968828 0.624389622041565 -0.154842099723178
0.279741965069438 -0.079892543741043 -1.133098546044285 -0.368847364001392
-0.469325072539916 0.550171178296758 -0.093748407836192 -0.339579997248774
0.711574336856850 2.020216543097240 -0.735149786820075 -0.008008237924920
-0.721359906595471 -0.358452194573489 0.525962239948812 -2.347716074197215
0.225815246852578 0.162012755542065 -0.280499671821567 -0.167595387261895
-0.232783322147735 0.681032557738939 2.494926410881876 -0.608720678291707
-0.552625385442954 1.070401261918065 -0.614542025933772 0.368150002235449
-0.578705631727077 0.649493342797286 -0.846806691089009 1.605251168038738
0.204419065482115 -0.763500234407625 0.738454508021881 1.346001022150151
-1.915363722535624 -2.255536772179583 0.611487900855776 1.474497292787304
-0.137774022876426 0.754129561446545 -0.210059428923611 0.800531311419312
-0.697271661808522 1.210819470852319 -1.129934732475356 0.252996029633234
0.475506088591506 -0.844328659650320 -1.326421439408489 0.035159776538505
2.480860502530193 -1.785227801570027 -0.144541951776116 -0.011992530843190
-0.161221785481876 -0.148419237198364 -0.064929032041727 -1.759511634806336
-0.588949426911477 0.988066176103436 -0.758045741209195 0.810608232086846
0.127198237667852 -0.340291582281984 -0.359818474376606 -0.499212330952582
0.259053685057475 0.168314207605382 0.846572969018578 -0.132819562074073
0.862635626308355 -0.156014052711290 -0.663877307322449 -0.030859424587200
2.595665953634094 -1.690900144967554 -0.560881250273370 -0.516379969758180
2.928577929940281 -1.814529393891327 -0.596982080147664 -0.299290065579895
-0.587431711485059 -0.639011406069536 0.070909562330524 0.516051344700145
-0.427414646707421 -1.014153112302970 1.143559844758152 -0.309148326186503
0.974718440182944 0.803544992516602 2.711325179479551 0.907381042888510
0.218009517255037 0.610809872556159 0.919182942281516 0.200311864769225
-1.080400733708734 -0.459311376539766 0.576159333966367 -2.301828929086854
-0.626677511938219 0.262242431394511 0.029069339677070 0.419184937710041
0.142936695777749 1.417978908568246 0.261215700715473 -0.006472776316279
-0.635605849227202 0.155613043006665 0.228485716614567 -1.522942427340710
-0.779104431695933 0.511899123853375 0.621880588897054 -0.507623078093135
0.273553511775977 0.317635773949077 -0.577562952303262 0.269301131150531
-0.073645058502852 1.257233563762908 -1.460860101731544 0.527094888072436
0.215991645608550 1.314023323432926 -1.427814639985748 0.627774532877799
-0.336707631661411 -0.041469503694216 -0.721749380919579 -0.174739358403727
-1.736249783900789 -0.427250502343884 -0.251270339400020 0.308832610947564
-0.461214388758038 1.488819915746084 -0.894900600807301 -0.206514457515597
0.814251391596027 1.039795920894010 2.945484353616858 1.098385043857462
-0.208687237921600 -0.639872583215106 -0.052875978582946 0.727587606076394
-0.437186507652821 -0.477340176002867 -0.248596994982129 -0.940658753732388
1.946734424579802 -1.060075103987520 -0.956124624381380 -0.314965813416298
-0.315015119489716 -1.847791761989747 -0.124850888774270 1.427005295790664
-1.618108651423227 0.330229091688191 -1.810701806335591 0.064141513543641
2.438217873077722 -1.415179662572358 0.421112751736007 -0.175095992156233
-0.230145350861632 -0.385209399873787 -0.050973254037207 -1.909961859678650
-1.218486183419503 0.362684605503656 -1.809320770082833 -1.521836217216986
0.866364847529155 -0.484192046482972 -0.381541246273794 0.169065261376567
2.224765622920188 -0.868838655942743 0.040221967357730 -0.549939044496274
0.422810946270774 0.430024184639719 1.312013405339943 0.244219773239547
-0.658111311242489 1.279046589699632 -0.395528243420256 -0.255762996772883
-0.058442818033281 0.764402973405756 -0.191647529185028 -0.214068315413703
0.026628424181884 -0.068447195907480 -1.435825636119385 0.733058948781698
-0.432513417954022 0.111502878563444 -0.462566421402882 0.268302233898036
-0.113140937066047 0.482647860066557 0.302754412182275 -1.053621284543185
-0.688690611675481 0.621433986525486 -0.527321494241895 0.343299407340793
0.377717708128745 0.593622278597960 0.580737046042731 0.599140554124541
-0.889845917525790 -0.169025976038789 0.598217300861250 -2.782325134038702
-0.836100290354127 -1.496881247945022 0.353018873821916 0.994242340079798
0.826069346168984 0.961988805451451 3.084968193589042 0.934579611131115
0.458227180681552 0.921555819487876 -0.024193802701753 -0.232631021545281
-0.062819576930848 1.099883397870996 -0.898275554362524 1.072283810237953
-1.638114900226005 -1.128920544829890 -0.577960585584842 0.549449046699549
2.597852373223081 -1.502209681675033 -0.486994578416270 -0.200328233577893
-0.133825297358417 0.402401009000091 -0.864446327842706 0.221375848350507
0.854241938771861 0.325349620440379 -0.606935235532650 0.559438019224496
0.202843338205721 0.490354516767219 -0.539194626856325 -0.297911942391477
0.030932276295021 0.473029517921230 0.470786514347847 0.336828360519300
-0.230507532952028 0.750440399982498 -1.397025172023459 1.202894063751952
-0.814721355749874 -1.122627880288466 -0.340920213268819 0.698138694992748
0.002330082424749 -0.018296808460869 1.004170483768161 -0.781507310789878
-0.531222148577224 0.580545647154700 1.234786285295030 -1.012427665537639
-1.671660644446994 2.955829591165150 1.661754880067229 1.020942266559849
-0.080400303249464 -0.416988274503447 0.373556961438034 1.393237243355966
-0.325542702372651 -1.416334822268549 0.800221580354480 -0.239115785049562
2.490871466370768 -1.379831456322654 -0.727160151151978 -0.216788252924333
-1.192931179560845 -1.600916719643011 0.542132933918494 1.351493343311485
-1.790738589907288 -0.188666886336547 -0.998261428883284 0.236656232977119
-0.340759837776676 -0.581054503718927 0.558805598828351 -1.741090936684805
-0.169319142217138 0.810445593799936 -0.580880396912802 0.269833661188210
-0.325413351626081 -0.508516705950004 0.529137555306879 -2.513411988557322
0.079369035249896 0.658677102041694 0.654021517082893 -0.901090158205456
0.178374880618249 1.018984672453153 0.052818891131399 -0.448926164985515
-1.487073993316384 -2.139431239727960 0.123342111222412 1.889837640765441
-1.220243001741095 -0.487000858026408 0.477443585588833 -0.615825113112560
0.862123710929507 0.148238714406705 -0.690614859283191 0.217417375070427
-0.110121185091584 0.546591461423567 0.236160696194142 0.407236093273696
0.249217540710749 0.734993534224853 2.508840289511685 0.664878159821232
-0.897026059876285 0.454516605888355 -0.764775930966835 0.441524572790672
-0.565090093748760 -0.063411146996837 -0.295087226672234 0.197244169006717
0.701726433351345 -0.336477797780174 -0.066296923392615 0.284558116730032
-0.200396247038443 -0.570564599174883 -0.496795745873380 0.771035602241447
-1.259324173971348 -1.934207453425499 0.515619666845916 1.280319090048309
-0.243085913126031 0.371062309330736 0.612861543101232 -1.283591960723752
0.689045356524005 1.303962409730413 -1.607343601949711 1.150478584497863
-0.184815361656186 -0.435576279905230 1.060352615918578 0.148081157300936
-0.175927005507052 0.220378677093538 0.561018050124411 -0.936701087316002
